4294967279,13
4294967279,10
4294967279,8
4294967294,69
4294967278,249
4294967294,387
4294967294,166
4294967294,168
4294967294,161
4294967294,165
4294967294,24
4294967294,113
4294967294,46
4294967294,1
4294967294,17
4294967294,42
4294967294,99
4294967294,76
4294967294,36
4294967294,39
4294967294,41
4294967294,115
4294967294,43
4294967294,386
4294967294,112
4294967294,167
4294967294,162
4294967294,1413
4294967294,31
4294967294,44
4294967294,45
4294967294,426
4294967294,201
4294967294,1030
4294967294,53
4294967294,1423
4294967294,90
4294967294,86
4294967294,84
4294967278,230
4294967294,82
4294967294,1414
4294967294,11
4294967294,92
4294967294,88
4294967278,132
4294967278,131
4294967278,130
4294967278,129
4294967278,128
4294967278,127
4294967278,126
4294967278,125
4294967278,124
4294967278,123
4294967278,122
4294967278,121
4294967278,120
4294967278,119
4294967278,118
4294967278,117
4294967278,116
4294967278,115
4294967278,114
4294967278,113
4294967278,112
4294967278,111
4294967278,110
4294967278,107
4294967278,106
4294967278,105
4294967278,104
4294967278,103
4294967278,102
4294967278,100
4294967278,99
4294967278,98
4294967278,97
4294967278,96
4294967278,94
4294967278,93
4294967278,92
4294967278,91
4294967278,90
4294967278,326
4294967278,89
4294967278,239
4294967278,87
4294967278,217
4294967278,86
4294967278,85
4294967278,84
4294967278,83
4294967278,82
4294967278,81
4294967278,80
4294967278,79
4294967278,78
4294967278,312
4294967278,77
4294967278,275
4294967278,76
4294967278,75
4294967278,390
4294967278,74
4294967278,73
4294967278,72
4294967278,71
4294967278,70
4294967278,69
4294967278,68
4294967278,67
4294967278,66
4294967278,289
4294967278,65
4294967278,64
4294967278,63
4294967278,0
4294967279,331
4294967279,84
4294967279,83
4294967279,367
4294967279,76
4294967279,74
4294967279,72
4294967279,260
4294967279,380
4294967279,67
4294967279,315
4294967279,63
4294967279,57
4294967279,51
4294967279,48
4294967279,45
4294967279,42
4294967279,41
4294967279,40
4294967279,39
4294967279,37
4294967279,36
4294967279,33
4294967279,32
4294967279,28
4294967279,24
4294967279,19
4294967279,14
4294967279,12
4294967279,11
4294967279,9
4294967279,7
4294967279,6
4294967279,5
4294967279,4
4294967294,9
4294967294,204
4294967294,423
4294967294,0
0,7
4294967294,52
4294967294,416
4294967294,51
4294967294,1078
4294967294,1077
4294967294,418
4294967294,28
4294967294,1048
4294967294,27
4294967294,26
4294967294,25
4294967294,91
4294967294,87
4294967294,85
4294967294,83
4294967294,81
4294967294,67
4294967294,68
4294967278,109
4294967278,339
4294967278,108
4294967278,225
4294967279,526
4294967279,0
4294967278,224
4294967278,222
4294967278,220
4294967278,218
4294967278,216
4294967278,214
4294967278,101
4294967278,382
4294967278,212
4294967294,5
4294967278,211
4294967278,210
4294967278,209
4294967278,208
4294967278,310
4294967278,260
4294967278,95
4294967278,206
0,5
4294967278,204
4294967278,203
4294967294,7
2350,6
2350,5
2350,4
2350,3
2350,2
2350,1
4294967279,382
4294967279,525
2347,6
2347,5
2347,4
2347,3
2347,2
2347,1
4294967279,519
2344,6
2344,5
2344,4
2344,3
2344,2
2344,1
4294967278,309
4294967278,426
4294967278,308
2341,6
2341,5
2341,4
2341,3
2341,2
2341,1
4294967278,425
4294967279,517
2338,4
2338,3
2338,2
2338,1
4294967278,307
4294967279,285
2337,7
2337,6
2337,5
2337,4
2337,3
2337,2
2337,1
4294967278,306
4294967278,414
4294967278,304
2333,4
2333,3
2333,2
2333,1
4294967294,1419
4294967294,1417
4294967279,516
4294967278,303
2332,5
2332,4
2332,3
2332,2
2332,1
4294967278,302
2330,6
4294967278,301
2330,5
2330,4
2330,3
2330,2
2330,1
4294967278,295
4294967294,471
4294967294,436
2329,5
2329,4
2329,3
2329,2
2329,1
2328,5
2328,4
2328,3
2328,2
2328,1
2327,5
2327,4
2327,3
2327,2
2327,1
4294967279,515
4294967294,470
2325,4
2325,3
2325,2
2325,1
4294967278,424
4294967279,514
4294967279,513
4294967278,294
4294967278,420
4294967278,419
4294967279,321
4294967293,131
4294967293,130
4294967293,129
4294967293,128
4294967293,127
4294967293,126
4294967293,125
4294967293,124
4294967293,123
4294967293,122
4294967293,121
4294967293,120
4294967293,119
4294967293,118
4294967293,117
4294967293,116
4294967293,115
4294967293,114
4294967293,113
4294967293,112
4294967293,111
4294967293,110
4294967293,109
4294967293,108
4294967293,107
4294967293,106
4294967293,105
4294967293,104
4294967293,103
4294967293,102
4294967293,101
4294967293,100
4294967293,99
4294967293,98
4294967293,97
4294967293,96
4294967293,95
